 Variables=t,voluz,Dvoluz,qair,qbtm,CumE,CumT,Error,Error%
  1.000       0.499849E+000      -0.151000E-003       0.000000E+000       0.000000E+000       0.151000E-003       0.000000E+000      -0.725209E-033       0.480271E-027
  2.000       0.499682E+000      -0.318000E-003       0.000000E+000       0.000000E+000       0.318000E-003       0.000000E+000      -0.149443E-032       0.469946E-027
  3.000       0.499433E+000      -0.567000E-003       0.000000E+000       0.000000E+000       0.567000E-003       0.000000E+000      -0.230256E-032       0.406095E-027
  4.000       0.499240E+000      -0.760000E-003       0.000000E+000       0.000000E+000       0.760000E-003       0.000000E+000      -0.336596E-032       0.442889E-027
  5.000       0.498981E+000      -0.101900E-002       0.000000E+000       0.000000E+000       0.101900E-002       0.000000E+000      -0.408733E-032       0.401112E-027
  6.000       0.498701E+000      -0.129900E-002       0.000000E+000       0.000000E+000       0.129900E-002       0.000000E+000      -0.492955E-032       0.379488E-027
  7.000       0.498481E+000      -0.151900E-002       0.000000E+000       0.000000E+000       0.151900E-002       0.000000E+000      -0.590775E-032       0.388924E-027
  8.000       0.498319E+000      -0.168100E-002       0.000000E+000       0.000000E+000       0.168100E-002       0.000000E+000      -0.669637E-032       0.398356E-027
  9.000       0.498117E+000      -0.188300E-002       0.000000E+000       0.000000E+000       0.188300E-002       0.000000E+000      -0.776353E-032       0.412296E-027
 10.000       0.497966E+000      -0.203400E-002       0.000000E+000       0.000000E+000       0.203400E-002       0.000000E+000      -0.858506E-032       0.422078E-027
 11.000       0.497770E+000      -0.223000E-002       0.000000E+000       0.000000E+000       0.223000E-002       0.000000E+000      -0.947317E-032       0.424806E-027
 12.000       0.497585E+000      -0.241500E-002       0.000000E+000       0.000000E+000       0.241500E-002       0.000000E+000      -0.102977E-031       0.426406E-027
 13.000       0.497308E+000      -0.269200E-002       0.000000E+000       0.000000E+000       0.269200E-002       0.000000E+000      -0.112671E-031       0.418539E-027
 14.000       0.497069E+000      -0.293100E-002       0.000000E+000       0.000000E+000       0.293100E-002       0.000000E+000      -0.116323E-031       0.396872E-027
 15.000       0.496833E+000      -0.316700E-002       0.000000E+000       0.000000E+000       0.316700E-002       0.000000E+000      -0.125099E-031       0.395008E-027
 16.000       0.496617E+000      -0.338300E-002       0.000000E+000       0.000000E+000       0.338300E-002       0.000000E+000      -0.135131E-031       0.399442E-027
 17.000       0.503365E+000       0.336500E-002       0.700000E-002       0.000000E+000       0.363500E-002       0.000000E+000      -0.142752E-031       0.134229E-027
 18.000       0.507592E+000       0.759200E-002       0.115000E-001       0.000000E+000       0.390800E-002       0.000000E+000      -0.153059E-031       0.182039E-027
 19.000       0.507319E+000       0.731900E-002       0.115000E-001       0.000000E+000       0.418100E-002       0.000000E+000      -0.162523E-031       0.222056E-027
 20.000       0.507062E+000       0.706200E-002       0.115000E-001       0.000000E+000       0.443800E-002       0.000000E+000      -0.170099E-031       0.240865E-027
 21.000       0.506765E+000       0.676500E-002       0.115000E-001       0.000000E+000       0.473500E-002       0.000000E+000      -0.179984E-031       0.266052E-027
 22.000       0.506414E+000       0.641400E-002       0.115000E-001       0.000000E+000       0.508600E-002       0.000000E+000      -0.188162E-031       0.293361E-027
 23.000       0.505618E+000       0.561800E-002       0.115000E-001       0.000000E+000       0.588200E-002       0.000000E+000      -0.197415E-031       0.335626E-027
 24.000       0.505017E+000       0.501700E-002       0.115000E-001       0.000000E+000       0.648300E-002       0.000000E+000      -0.204585E-031       0.315571E-027
 25.000       0.504583E+000       0.458300E-002       0.115000E-001       0.000000E+000       0.691700E-002       0.000000E+000      -0.211281E-031       0.305451E-027
 26.000       0.504243E+000       0.424300E-002       0.115000E-001       0.000000E+000       0.725700E-002       0.000000E+000      -0.216419E-031       0.298221E-027
 27.000       0.521481E+000       0.214810E-001       0.290000E-001       0.000000E+000       0.751900E-002       0.000000E+000      -0.226094E-031       0.903688E-028
 28.000       0.520717E+000       0.207170E-001       0.290000E-001       0.000000E+000       0.828300E-002       0.000000E+000      -0.234467E-031       0.113176E-027
 29.000       0.520355E+000       0.203550E-001       0.290000E-001       0.000000E+000       0.864500E-002       0.000000E+000      -0.238951E-031       0.117392E-027
 30.000       0.519811E+000       0.198110E-001       0.290000E-001       0.000000E+000       0.918900E-002       0.000000E+000      -0.245240E-031       0.123790E-027
 31.000       0.519329E+000       0.193290E-001       0.290000E-001       0.000000E+000       0.967100E-002       0.000000E+000      -0.253741E-031       0.131275E-027
 32.000       0.518832E+000       0.188320E-001       0.290000E-001       0.000000E+000       0.101680E-001       0.000000E+000      -0.260693E-031       0.138431E-027
 33.000       0.518217E+000       0.182170E-001       0.290000E-001       0.000000E+000       0.107830E-001       0.000000E+000      -0.268667E-031       0.147482E-027
 34.000       0.517500E+000       0.175000E-001       0.290000E-001       0.000000E+000       0.115000E-001       0.000000E+000      -0.276732E-031       0.158133E-027
 35.000       0.516943E+000       0.169430E-001       0.290000E-001       0.000000E+000       0.120570E-001       0.000000E+000      -0.284255E-031       0.167771E-027
 36.000       0.516308E+000       0.163080E-001       0.290000E-001       0.000000E+000       0.126920E-001       0.000000E+000      -0.292425E-031       0.179314E-027
 37.000       0.525718E+000       0.257180E-001       0.390000E-001       0.000000E+000       0.132820E-001       0.000000E+000      -0.303199E-031       0.117894E-027
 38.000       0.525244E+000       0.252440E-001       0.390000E-001       0.000000E+000       0.137560E-001       0.000000E+000      -0.310270E-031       0.122909E-027
 39.000       0.524595E+000       0.245950E-001       0.390000E-001       0.000000E+000       0.144050E-001       0.000000E+000      -0.317312E-031       0.129015E-027
 40.000       0.524023E+000       0.240230E-001       0.390000E-001       0.000000E+000       0.149770E-001       0.000000E+000      -0.326174E-031       0.135776E-027
 41.000       0.523425E+000       0.234250E-001       0.390000E-001       0.000000E+000       0.155750E-001       0.000000E+000      -0.333652E-031       0.142434E-027
 42.000       0.522902E+000       0.229020E-001       0.390000E-001       0.000000E+000       0.160980E-001       0.000000E+000      -0.343056E-031       0.149793E-027
 43.000       0.522186E+000       0.221860E-001       0.390000E-001       0.000000E+000       0.168140E-001       0.000000E+000      -0.348654E-031       0.157150E-027
 44.000       0.521567E+000       0.215670E-001       0.390000E-001       0.000000E+000       0.174330E-001       0.000000E+000      -0.356869E-031       0.165470E-027
 45.000       0.521050E+000       0.210500E-001       0.390000E-001       0.000000E+000       0.179500E-001       0.000000E+000      -0.364964E-031       0.173379E-027
 46.000       0.520110E+000       0.201100E-001       0.390000E-001       0.000000E+000       0.188900E-001       0.000000E+000      -0.375767E-031       0.186856E-027
 47.000       0.519253E+000       0.192530E-001       0.390000E-001       0.000000E+000       0.197470E-001       0.000000E+000      -0.386119E-031       0.195533E-027
 48.000       0.518043E+000       0.180430E-001       0.390000E-001       0.000000E+000       0.209570E-001       0.000000E+000      -0.396110E-031       0.189011E-027
 49.000       0.517348E+000       0.173480E-001       0.390000E-001       0.000000E+000       0.216520E-001       0.000000E+000      -0.408688E-031       0.188753E-027
 50.000       0.516500E+000       0.165000E-001       0.390000E-001       0.000000E+000       0.225000E-001       0.000000E+000      -0.414195E-031       0.184087E-027
 51.000       0.515328E+000       0.153280E-001       0.390000E-001       0.000000E+000       0.236720E-001       0.000000E+000      -0.421026E-031       0.177858E-027
 52.000       0.513839E+000       0.138390E-001       0.390000E-001       0.000000E+000       0.251610E-001       0.000000E+000      -0.433124E-031       0.172141E-027
 53.000       0.512766E+000       0.127660E-001       0.390000E-001       0.000000E+000       0.262340E-001       0.000000E+000      -0.443415E-031       0.169023E-027
 54.000       0.511512E+000       0.115120E-001       0.390000E-001       0.000000E+000       0.274880E-001       0.000000E+000      -0.452082E-031       0.164465E-027
 55.000       0.510109E+000       0.101090E-001       0.390000E-001       0.000000E+000       0.288910E-001       0.000000E+000      -0.460177E-031       0.159280E-027
 56.000       0.509130E+000       0.913000E-002       0.390000E-001       0.000000E+000       0.298700E-001       0.000000E+000      -0.472756E-031       0.158271E-027
 57.000       0.508168E+000       0.816800E-002       0.390000E-001       0.000000E+000       0.308320E-001       0.000000E+000      -0.482897E-031       0.156622E-027
 58.000       0.507059E+000       0.705900E-002       0.390000E-001       0.000000E+000       0.319410E-001       0.000000E+000      -0.490450E-031       0.153549E-027
 59.000       0.506224E+000       0.622400E-002       0.390000E-001       0.000000E+000       0.327760E-001       0.000000E+000      -0.497612E-031       0.151822E-027
 60.000       0.504594E+000       0.459400E-002       0.390000E-001       0.000000E+000       0.344060E-001       0.000000E+000      -0.505797E-031       0.147008E-027
 61.000       0.503378E+000       0.337800E-002       0.390000E-001       0.000000E+000       0.356220E-001       0.000000E+000      -0.513260E-031       0.144085E-027
 62.000       0.503498E+000       0.349800E-002       0.405000E-001       0.000000E+000       0.370020E-001       0.000000E+000      -0.519881E-031       0.135027E-027
 63.000       0.502053E+000       0.205300E-002       0.405000E-001       0.000000E+000       0.384470E-001       0.000000E+000      -0.531376E-031       0.138210E-027
 64.000       0.504674E+000       0.467400E-002       0.455000E-001       0.000000E+000       0.408260E-001       0.000000E+000      -0.540765E-031       0.118004E-027
 65.000       0.502793E+000       0.279300E-002       0.455000E-001       0.000000E+000       0.427070E-001       0.000000E+000      -0.548469E-031       0.128426E-027
 66.000       0.500561E+000       0.561000E-003       0.455000E-001       0.000000E+000       0.449390E-001       0.000000E+000      -0.559543E-031       0.124512E-027
 67.000       0.498675E+000      -0.132500E-002       0.455000E-001       0.000000E+000       0.468250E-001       0.000000E+000      -0.568992E-031       0.121515E-027
 68.000       0.495707E+000      -0.429300E-002       0.455000E-001       0.000000E+000       0.497930E-001       0.000000E+000      -0.580548E-031       0.116592E-027
 69.000       0.493615E+000      -0.638500E-002       0.455000E-001       0.000000E+000       0.518850E-001       0.000000E+000      -0.591260E-031       0.113956E-027
 70.000       0.492219E+000      -0.778100E-002       0.455000E-001       0.000000E+000       0.532810E-001       0.000000E+000      -0.599446E-031       0.112506E-027
 71.000       0.491006E+000      -0.899400E-002       0.455000E-001       0.000000E+000       0.544940E-001       0.000000E+000      -0.611543E-031       0.112222E-027
 72.000       0.501937E+000       0.193700E-002       0.580000E-001       0.000000E+000       0.560630E-001       0.000000E+000      -0.619909E-031       0.904145E-028
 73.000       0.500135E+000       0.135000E-003       0.580000E-001       0.000000E+000       0.578650E-001       0.000000E+000      -0.626409E-031       0.108253E-027
 74.000       0.497649E+000      -0.235100E-002       0.580000E-001       0.000000E+000       0.603510E-001       0.000000E+000      -0.636700E-031       0.105500E-027
 75.000       0.494593E+000      -0.540700E-002       0.580000E-001       0.000000E+000       0.634070E-001       0.000000E+000      -0.648075E-031       0.102209E-027
 76.000       0.492781E+000      -0.721900E-002       0.580000E-001       0.000000E+000       0.652190E-001       0.000000E+000      -0.652770E-031       0.100089E-027
 77.000       0.490877E+000      -0.912300E-002       0.580000E-001       0.000000E+000       0.671230E-001       0.000000E+000      -0.661798E-031       0.985948E-028
 78.000       0.489220E+000      -0.107800E-001       0.580000E-001       0.000000E+000       0.687800E-001       0.000000E+000      -0.670585E-031       0.974971E-028
 79.000       0.487904E+000      -0.120960E-001       0.580000E-001       0.000000E+000       0.700960E-001       0.000000E+000      -0.681418E-031       0.972121E-028
 80.000       0.486977E+000      -0.130230E-001       0.580000E-001       0.000000E+000       0.710230E-001       0.000000E+000      -0.690566E-031       0.972314E-028
 81.000       0.502392E+000       0.239200E-002       0.760000E-001       0.000000E+000       0.736080E-001       0.000000E+000      -0.700316E-031       0.764471E-028
 82.000       0.499675E+000      -0.325000E-003       0.760000E-001       0.000000E+000       0.763250E-001       0.000000E+000      -0.708983E-031       0.928900E-028
 83.000       0.497197E+000      -0.280300E-002       0.760000E-001       0.000000E+000       0.788030E-001       0.000000E+000      -0.716446E-031       0.909161E-028
 84.000       0.494521E+000      -0.547900E-002       0.760000E-001       0.000000E+000       0.814790E-001       0.000000E+000      -0.727039E-031       0.892302E-028
 85.000       0.492328E+000      -0.767200E-002       0.760000E-001       0.000000E+000       0.836720E-001       0.000000E+000      -0.738233E-031       0.882294E-028
 86.000       0.489687E+000      -0.103130E-001       0.760000E-001       0.000000E+000       0.863130E-001       0.000000E+000      -0.746900E-031       0.865339E-028
 87.000       0.487711E+000      -0.122890E-001       0.760000E-001       0.000000E+000       0.882890E-001       0.000000E+000      -0.753761E-031       0.853743E-028
 88.000       0.486606E+000      -0.133940E-001       0.760000E-001       0.000000E+000       0.893940E-001       0.000000E+000      -0.763029E-031       0.853558E-028
 89.000       0.485696E+000      -0.143040E-001       0.760000E-001       0.000000E+000       0.903040E-001       0.000000E+000      -0.773502E-031       0.856553E-028
 90.000       0.484889E+000      -0.151110E-001       0.760000E-001       0.000000E+000       0.911110E-001       0.000000E+000      -0.781446E-031       0.857686E-028
 91.000       0.484158E+000      -0.158420E-001       0.760000E-001       0.000000E+000       0.918420E-001       0.000000E+000      -0.788428E-031       0.858461E-028
 92.000       0.483476E+000      -0.165240E-001       0.760000E-001       0.000000E+000       0.925240E-001       0.000000E+000      -0.796854E-031       0.861240E-028
 93.000       0.482845E+000      -0.171550E-001       0.760000E-001       0.000000E+000       0.931550E-001       0.000000E+000      -0.805279E-031       0.864451E-028
 94.000       0.482252E+000      -0.177480E-001       0.760000E-001       0.000000E+000       0.937480E-001       0.000000E+000      -0.815391E-031       0.869769E-028
 95.000       0.481695E+000      -0.183050E-001       0.760000E-001       0.000000E+000       0.943050E-001       0.000000E+000      -0.824900E-031       0.874715E-028
 96.000       0.481153E+000      -0.188470E-001       0.760000E-001       0.000000E+000       0.948470E-001       0.000000E+000      -0.833928E-031       0.879235E-028
 97.000       0.480634E+000      -0.193660E-001       0.760000E-001       0.000000E+000       0.953660E-001       0.000000E+000      -0.842113E-031       0.883033E-028
 98.000       0.494047E+000      -0.595300E-002       0.925000E-001       0.000000E+000       0.984530E-001       0.000000E+000      -0.852946E-031       0.741996E-028
 99.000       0.491250E+000      -0.875000E-002       0.925000E-001       0.000000E+000       0.101250E+000       0.000000E+000      -0.862335E-031       0.851689E-028
100.000       0.488550E+000      -0.114500E-001       0.925000E-001       0.000000E+000       0.103950E+000       0.000000E+000      -0.870520E-031       0.837441E-028
101.000       0.484780E+000      -0.152200E-001       0.925000E-001       0.000000E+000       0.107720E+000       0.000000E+000      -0.880150E-031       0.817072E-028
102.000       0.482830E+000      -0.171700E-001       0.925000E-001       0.000000E+000       0.109670E+000       0.000000E+000      -0.890863E-031       0.812312E-028
103.000       0.481800E+000      -0.182000E-001       0.925000E-001       0.000000E+000       0.110700E+000       0.000000E+000      -0.902057E-031       0.814867E-028
104.000       0.490460E+000      -0.954000E-002       0.105000E+000       0.000000E+000       0.114540E+000       0.000000E+000      -0.909280E-031       0.715743E-028
105.000       0.486610E+000      -0.133900E-001       0.105000E+000       0.000000E+000       0.118390E+000       0.000000E+000      -0.920113E-031       0.777188E-028
106.000       0.487340E+000      -0.126600E-001       0.110000E+000       0.000000E+000       0.122660E+000       0.000000E+000      -0.925289E-031       0.724807E-028
107.000       0.482490E+000      -0.175100E-001       0.110000E+000       0.000000E+000       0.127510E+000       0.000000E+000      -0.936243E-031       0.734250E-028
108.000       0.481080E+000      -0.189200E-001       0.110000E+000       0.000000E+000       0.128920E+000       0.000000E+000      -0.947558E-031       0.734997E-028
109.000       0.497490E+000      -0.251000E-002       0.130000E+000       0.000000E+000       0.132510E+000       0.000000E+000      -0.957428E-031       0.627780E-028
110.000       0.494100E+000      -0.590000E-002       0.130000E+000       0.000000E+000       0.135900E+000       0.000000E+000      -0.964409E-031       0.709646E-028
111.000       0.490520E+000      -0.948000E-002       0.130000E+000       0.000000E+000       0.139480E+000       0.000000E+000      -0.972595E-031       0.697300E-028
112.000       0.487030E+000      -0.129700E-001       0.130000E+000       0.000000E+000       0.142970E+000       0.000000E+000      -0.981502E-031       0.686509E-028
113.000       0.484170E+000      -0.158300E-001       0.130000E+000       0.000000E+000       0.145830E+000       0.000000E+000      -0.991613E-031       0.679979E-028
114.000       0.482900E+000      -0.171000E-001       0.130000E+000       0.000000E+000       0.147100E+000       0.000000E+000      -0.998835E-031       0.679018E-028
115.000       0.481930E+000      -0.180700E-001       0.130000E+000       0.000000E+000       0.148070E+000       0.000000E+000      -0.100991E-030       0.682049E-028
116.000       0.488900E+000      -0.111000E-001       0.141000E+000       0.000000E+000       0.152100E+000       0.000000E+000      -0.101761E-030       0.623920E-028
117.000       0.507950E+000       0.795000E-002       0.166000E+000       0.000000E+000       0.158050E+000       0.000000E+000      -0.102893E-030       0.562102E-028
118.000       0.503230E+000       0.323000E-002       0.166000E+000       0.000000E+000       0.162770E+000       0.000000E+000      -0.103784E-030       0.637609E-028
119.000       0.497140E+000      -0.286000E-002       0.166000E+000       0.000000E+000       0.168860E+000       0.000000E+000      -0.104771E-030       0.620458E-028
120.000       0.494220E+000      -0.578000E-002       0.169000E+000       0.000000E+000       0.174780E+000       0.000000E+000      -0.105926E-030       0.595827E-028
121.000       0.511620E+000       0.116200E-001       0.190500E+000       0.000000E+000       0.178880E+000       0.000000E+000      -0.106985E-030       0.533913E-028
122.000       0.506290E+000       0.629000E-002       0.190500E+000       0.000000E+000       0.184210E+000       0.000000E+000      -0.108021E-030       0.586399E-028
123.000       0.501850E+000       0.185000E-002       0.190500E+000       0.000000E+000       0.188650E+000       0.000000E+000      -0.108839E-030       0.576937E-028
124.000       0.500880E+000       0.880000E-003       0.194500E+000       0.000000E+000       0.193620E+000       0.000000E+000      -0.109513E-030       0.554160E-028
125.000       0.496290E+000      -0.371000E-002       0.194500E+000       0.000000E+000       0.198210E+000       0.000000E+000      -0.110524E-030       0.557612E-028
126.000       0.492720E+000      -0.728000E-002       0.194500E+000       0.000000E+000       0.201780E+000       0.000000E+000      -0.111295E-030       0.551564E-028
127.000       0.491120E+000      -0.888000E-002       0.194500E+000       0.000000E+000       0.203380E+000       0.000000E+000      -0.112234E-030       0.551842E-028
128.000       0.489850E+000      -0.101500E-001       0.194500E+000       0.000000E+000       0.204650E+000       0.000000E+000      -0.113100E-030       0.552652E-028
129.000       0.488750E+000      -0.112500E-001       0.194500E+000       0.000000E+000       0.205750E+000       0.000000E+000      -0.113750E-030       0.552857E-028
130.000       0.487780E+000      -0.122200E-001       0.194500E+000       0.000000E+000       0.206720E+000       0.000000E+000      -0.114472E-030       0.553756E-028
131.000       0.486910E+000      -0.130900E-001       0.197000E+000       0.000000E+000       0.210090E+000       0.000000E+000      -0.115580E-030       0.543675E-028
132.000       0.495290E+000      -0.471000E-002       0.211000E+000       0.000000E+000       0.215710E+000       0.000000E+000      -0.116398E-030       0.506719E-028
133.000       0.490270E+000      -0.973000E-002       0.211000E+000       0.000000E+000       0.220730E+000       0.000000E+000      -0.117385E-030       0.531806E-028
134.000       0.486750E+000      -0.132500E-001       0.211000E+000       0.000000E+000       0.224250E+000       0.000000E+000      -0.118300E-030       0.527537E-028
135.000       0.485510E+000      -0.144900E-001       0.211000E+000       0.000000E+000       0.225490E+000       0.000000E+000      -0.119384E-030       0.529441E-028
136.000       0.488300E+000      -0.117000E-001       0.217000E+000       0.000000E+000       0.228700E+000       0.000000E+000      -0.120467E-030       0.513280E-028
137.000       0.487370E+000      -0.126300E-001       0.220500E+000       0.000000E+000       0.233130E+000       0.000000E+000      -0.121310E-030       0.512655E-028
138.000       0.483940E+000      -0.160600E-001       0.220500E+000       0.000000E+000       0.236560E+000       0.000000E+000      -0.122345E-030       0.517183E-028
139.000       0.493900E+000      -0.610000E-002       0.234500E+000       0.000000E+000       0.240600E+000       0.000000E+000      -0.123308E-030       0.484319E-028
140.000       0.489870E+000      -0.101300E-001       0.234500E+000       0.000000E+000       0.244630E+000       0.000000E+000      -0.124271E-030       0.507994E-028
141.000       0.485250E+000      -0.147500E-001       0.234500E+000       0.000000E+000       0.249250E+000       0.000000E+000      -0.125210E-030       0.502345E-028
142.000       0.484800E+000      -0.152000E-001       0.239500E+000       0.000000E+000       0.254700E+000       0.000000E+000      -0.126004E-030       0.485190E-028
143.000       0.482820E+000      -0.171800E-001       0.239500E+000       0.000000E+000       0.256680E+000       0.000000E+000      -0.127111E-030       0.495213E-028
144.000       0.481990E+000      -0.180100E-001       0.244500E+000       0.000000E+000       0.262510E+000       0.000000E+000      -0.128219E-030       0.479305E-028
145.000       0.481210E+000      -0.187900E-001       0.244500E+000       0.000000E+000       0.263290E+000       0.000000E+000      -0.129037E-030       0.490096E-028
146.000       0.495930E+000      -0.407000E-002       0.264000E+000       0.000000E+000       0.268070E+000       0.000000E+000      -0.129856E-030       0.451562E-028
147.000       0.490100E+000      -0.990000E-002       0.264000E+000       0.000000E+000       0.273900E+000       0.000000E+000      -0.130819E-030       0.477615E-028
148.000       0.486720E+000      -0.132800E-001       0.267500E+000       0.000000E+000       0.280780E+000       0.000000E+000      -0.131878E-030       0.463902E-028
149.000       0.483620E+000      -0.163800E-001       0.267500E+000       0.000000E+000       0.283880E+000       0.000000E+000      -0.132985E-030       0.468457E-028
150.000       0.482410E+000      -0.175900E-001       0.267500E+000       0.000000E+000       0.285090E+000       0.000000E+000      -0.134141E-030       0.470522E-028
151.000       0.481470E+000      -0.185300E-001       0.267500E+000       0.000000E+000       0.286030E+000       0.000000E+000      -0.134911E-030       0.471669E-028
152.000       0.480700E+000      -0.193000E-001       0.267500E+000       0.000000E+000       0.286800E+000       0.000000E+000      -0.135682E-030       0.473088E-028
153.000       0.480010E+000      -0.199900E-001       0.267500E+000       0.000000E+000       0.287490E+000       0.000000E+000      -0.136693E-030       0.475470E-028
154.000       0.479390E+000      -0.206100E-001       0.267500E+000       0.000000E+000       0.288110E+000       0.000000E+000      -0.137415E-030       0.476954E-028
155.000       0.478830E+000      -0.211700E-001       0.267500E+000       0.000000E+000       0.288670E+000       0.000000E+000      -0.138571E-030       0.480031E-028
156.000       0.478300E+000      -0.217000E-001       0.270500E+000       0.000000E+000       0.292200E+000       0.000000E+000      -0.139774E-030       0.473490E-028
157.000       0.478320E+000      -0.216800E-001       0.277500E+000       0.000000E+000       0.299180E+000       0.000000E+000      -0.140834E-030       0.459970E-028
158.000       0.477390E+000      -0.226100E-001       0.277500E+000       0.000000E+000       0.300110E+000       0.000000E+000      -0.141411E-030       0.471199E-028
159.000       0.476890E+000      -0.231100E-001       0.277500E+000       0.000000E+000       0.300610E+000       0.000000E+000      -0.142471E-030       0.473939E-028
160.000       0.476450E+000      -0.235500E-001       0.282500E+000       0.000000E+000       0.306050E+000       0.000000E+000      -0.143578E-030       0.461592E-028
161.000       0.476040E+000      -0.239600E-001       0.282500E+000       0.000000E+000       0.306460E+000       0.000000E+000      -0.144541E-030       0.471647E-028
162.000       0.475650E+000      -0.243500E-001       0.282500E+000       0.000000E+000       0.306850E+000       0.000000E+000      -0.145504E-030       0.474186E-028
163.000       0.475260E+000      -0.247400E-001       0.282500E+000       0.000000E+000       0.307240E+000       0.000000E+000      -0.146515E-030       0.476875E-028
164.000       0.474890E+000      -0.251100E-001       0.282500E+000       0.000000E+000       0.307610E+000       0.000000E+000      -0.147430E-030       0.479276E-028
165.000       0.474630E+000      -0.253700E-001       0.288500E+000       0.000000E+000       0.313870E+000       0.000000E+000      -0.148393E-030       0.463916E-028
166.000       0.474210E+000      -0.257900E-001       0.288500E+000       0.000000E+000       0.314290E+000       0.000000E+000      -0.149163E-030       0.474604E-028
167.000       0.473860E+000      -0.261400E-001       0.289000E+000       0.000000E+000       0.315140E+000       0.000000E+000      -0.149982E-030       0.475167E-028
168.000       0.500990E+000       0.990000E-003       0.322000E+000       0.000000E+000       0.321010E+000       0.000000E+000      -0.150945E-030       0.426386E-028
169.000       0.495660E+000      -0.434000E-002       0.322000E+000       0.000000E+000       0.326340E+000       0.000000E+000      -0.151908E-030       0.465489E-028
170.000       0.500340E+000       0.340000E-003       0.333500E+000       0.000000E+000       0.333160E+000       0.000000E+000      -0.152823E-030       0.443401E-028
171.000       0.495240E+000      -0.476000E-002       0.334000E+000       0.000000E+000       0.338760E+000       0.000000E+000      -0.153834E-030       0.453439E-028
172.000       0.489640E+000      -0.103600E-001       0.334000E+000       0.000000E+000       0.344360E+000       0.000000E+000      -0.154893E-030       0.449799E-028
173.000       0.486310E+000      -0.136900E-001       0.334000E+000       0.000000E+000       0.347690E+000       0.000000E+000      -0.155856E-030       0.448261E-028
174.000       0.484770E+000      -0.152300E-001       0.334000E+000       0.000000E+000       0.349230E+000       0.000000E+000      -0.157060E-030       0.449731E-028
175.000       0.483610E+000      -0.163900E-001       0.334000E+000       0.000000E+000       0.350390E+000       0.000000E+000      -0.158360E-030       0.451952E-028
176.000       0.482640E+000      -0.173600E-001       0.334000E+000       0.000000E+000       0.351360E+000       0.000000E+000      -0.159515E-030       0.453993E-028
177.000       0.481820E+000      -0.181800E-001       0.334000E+000       0.000000E+000       0.352180E+000       0.000000E+000      -0.160382E-030       0.455397E-028
178.000       0.481070E+000      -0.189300E-001       0.334000E+000       0.000000E+000       0.352930E+000       0.000000E+000      -0.161200E-030       0.456749E-028
179.000       0.480400E+000      -0.196000E-001       0.334000E+000       0.000000E+000       0.353600E+000       0.000000E+000      -0.162308E-030       0.459015E-028
180.000       0.479770E+000      -0.202300E-001       0.334000E+000       0.000000E+000       0.354230E+000       0.000000E+000      -0.163319E-030       0.461053E-028
181.000       0.479200E+000      -0.208000E-001       0.334000E+000       0.000000E+000       0.354800E+000       0.000000E+000      -0.164186E-030       0.462755E-028
182.000       0.478650E+000      -0.213500E-001       0.334000E+000       0.000000E+000       0.355350E+000       0.000000E+000      -0.164860E-030       0.463936E-028
183.000       0.478130E+000      -0.218700E-001       0.335500E+000       0.000000E+000       0.357370E+000       0.000000E+000      -0.165823E-030       0.462069E-028
184.000       0.477630E+000      -0.223700E-001       0.335500E+000       0.000000E+000       0.357870E+000       0.000000E+000      -0.166689E-030       0.465782E-028
185.000       0.477170E+000      -0.228300E-001       0.335500E+000       0.000000E+000       0.358330E+000       0.000000E+000      -0.167508E-030       0.467468E-028
186.000       0.477520E+000      -0.224800E-001       0.341000E+000       0.000000E+000       0.363480E+000       0.000000E+000      -0.168615E-030       0.456976E-028
187.000       0.476370E+000      -0.236300E-001       0.341000E+000       0.000000E+000       0.364630E+000       0.000000E+000      -0.169530E-030       0.464937E-028
188.000       0.475900E+000      -0.241000E-001       0.341000E+000       0.000000E+000       0.365100E+000       0.000000E+000      -0.170445E-030       0.466844E-028
189.000       0.475490E+000      -0.245100E-001       0.341000E+000       0.000000E+000       0.365510E+000       0.000000E+000      -0.171263E-030       0.468560E-028
190.000       0.475100E+000      -0.249000E-001       0.341000E+000       0.000000E+000       0.365900E+000       0.000000E+000      -0.172034E-030       0.470166E-028
191.000       0.484230E+000      -0.157700E-001       0.356000E+000       0.000000E+000       0.371770E+000       0.000000E+000      -0.172852E-030       0.446912E-028
192.000       0.481760E+000      -0.182400E-001       0.360000E+000       0.000000E+000       0.378240E+000       0.000000E+000      -0.173911E-030       0.454980E-028
193.000       0.494220E+000      -0.578000E-002       0.380000E+000       0.000000E+000       0.385780E+000       0.000000E+000      -0.174682E-030       0.430484E-028
194.000       0.520060E+000       0.200600E-001       0.410000E+000       0.000000E+000       0.389940E+000       0.000000E+000      -0.175789E-030       0.418606E-028
195.000       0.514800E+000       0.148000E-001       0.410000E+000       0.000000E+000       0.395200E+000       0.000000E+000      -0.176800E-030       0.447369E-028
196.000       0.509690E+000       0.969000E-002       0.412000E+000       0.000000E+000       0.402310E+000       0.000000E+000      -0.177763E-030       0.439671E-028
197.000       0.501890E+000       0.189000E-002       0.412000E+000       0.000000E+000       0.410110E+000       0.000000E+000      -0.178486E-030       0.435214E-028
198.000       0.497900E+000      -0.210000E-002       0.412000E+000       0.000000E+000       0.414100E+000       0.000000E+000      -0.179304E-030       0.432997E-028
199.000       0.495760E+000      -0.424000E-002       0.415500E+000       0.000000E+000       0.419740E+000       0.000000E+000      -0.180026E-030       0.425353E-028
200.000       0.494080E+000      -0.592000E-002       0.415500E+000       0.000000E+000       0.421420E+000       0.000000E+000      -0.180941E-030       0.429361E-028
201.000       0.492670E+000      -0.733000E-002       0.415500E+000       0.000000E+000       0.422830E+000       0.000000E+000      -0.181615E-030       0.429523E-028
202.000       0.491450E+000      -0.855000E-002       0.415500E+000       0.000000E+000       0.424050E+000       0.000000E+000      -0.182337E-030       0.429990E-028
203.000       0.490310E+000      -0.969000E-002       0.415500E+000       0.000000E+000       0.425190E+000       0.000000E+000      -0.183397E-030       0.431329E-028
204.000       0.489280E+000      -0.107200E-001       0.415500E+000       0.000000E+000       0.426220E+000       0.000000E+000      -0.184167E-030       0.432094E-028
205.000       0.488330E+000      -0.116700E-001       0.415500E+000       0.000000E+000       0.427170E+000       0.000000E+000      -0.185178E-030       0.433500E-028
206.000       0.487980E+000      -0.120200E-001       0.421000E+000       0.000000E+000       0.433020E+000       0.000000E+000      -0.185900E-030       0.423927E-028
207.000       0.486720E+000      -0.132800E-001       0.421000E+000       0.000000E+000       0.434280E+000       0.000000E+000      -0.186767E-030       0.430061E-028
208.000       0.485890E+000      -0.141100E-001       0.421000E+000       0.000000E+000       0.435110E+000       0.000000E+000      -0.187682E-030       0.431344E-028
209.000       0.485130E+000      -0.148700E-001       0.421000E+000       0.000000E+000       0.435870E+000       0.000000E+000      -0.188500E-030       0.432469E-028
210.000       0.484410E+000      -0.155900E-001       0.421000E+000       0.000000E+000       0.436590E+000       0.000000E+000      -0.189415E-030       0.433851E-028
211.000       0.483740E+000      -0.162600E-001       0.422000E+000       0.000000E+000       0.438260E+000       0.000000E+000      -0.190523E-030       0.433735E-028
212.000       0.488080E+000      -0.119200E-001       0.432000E+000       0.000000E+000       0.443920E+000       0.000000E+000      -0.191341E-030       0.421531E-028
213.000       0.483590E+000      -0.164100E-001       0.432000E+000       0.000000E+000       0.448410E+000       0.000000E+000      -0.191919E-030       0.427999E-028
214.000       0.482490E+000      -0.175100E-001       0.432000E+000       0.000000E+000       0.449510E+000       0.000000E+000      -0.192641E-030       0.428558E-028
215.000       0.486990E+000      -0.130100E-001       0.441500E+000       0.000000E+000       0.454510E+000       0.000000E+000      -0.193556E-030       0.417137E-028
216.000       0.485700E+000      -0.143000E-001       0.446000E+000       0.000000E+000       0.460300E+000       0.000000E+000      -0.194471E-030       0.418397E-028
217.000       0.482050E+000      -0.179500E-001       0.446000E+000       0.000000E+000       0.463950E+000       0.000000E+000      -0.195434E-030       0.421239E-028
218.000       0.481040E+000      -0.189600E-001       0.446000E+000       0.000000E+000       0.464960E+000       0.000000E+000      -0.196589E-030       0.422809E-028
219.000       0.488100E+000      -0.119000E-001       0.456000E+000       0.000000E+000       0.467900E+000       0.000000E+000      -0.197456E-030       0.413174E-028
220.000       0.482830E+000      -0.171700E-001       0.456000E+000       0.000000E+000       0.473170E+000       0.000000E+000      -0.198178E-030       0.418831E-028
221.000       0.480680E+000      -0.193200E-001       0.456000E+000       0.000000E+000       0.475320E+000       0.000000E+000      -0.199286E-030       0.419266E-028
222.000       0.510220E+000       0.102200E-001       0.490500E+000       0.000000E+000       0.480280E+000       0.000000E+000      -0.200008E-030       0.388531E-028
223.000       0.506510E+000       0.651000E-002       0.490500E+000       0.000000E+000       0.483990E+000       0.000000E+000      -0.201163E-030       0.415635E-028
224.000       0.511020E+000       0.110200E-001       0.500500E+000       0.000000E+000       0.489480E+000       0.000000E+000      -0.202223E-030       0.404866E-028
225.000       0.508850E+000       0.885000E-002       0.504000E+000       0.000000E+000       0.495150E+000       0.000000E+000      -0.203282E-030       0.407665E-028
226.000       0.513500E+000       0.135000E-001       0.514000E+000       0.000000E+000       0.500500E+000       0.000000E+000      -0.204341E-030       0.400277E-028
227.000       0.517710E+000       0.177100E-001       0.521500E+000       0.000000E+000       0.503790E+000       0.000000E+000      -0.205208E-030       0.401353E-028
228.000       0.513210E+000       0.132100E-001       0.521500E+000       0.000000E+000       0.508290E+000       0.000000E+000      -0.205882E-030       0.405048E-028
229.000       0.508100E+000       0.810000E-002       0.521500E+000       0.000000E+000       0.513400E+000       0.000000E+000      -0.206941E-030       0.403080E-028
230.000       0.502840E+000       0.284000E-002       0.521500E+000       0.000000E+000       0.518660E+000       0.000000E+000      -0.207712E-030       0.400477E-028
231.000       0.498990E+000      -0.101000E-002       0.521500E+000       0.000000E+000       0.522510E+000       0.000000E+000      -0.208675E-030       0.399369E-028
232.000       0.500720E+000       0.720000E-003       0.526000E+000       0.000000E+000       0.525280E+000       0.000000E+000      -0.209830E-030       0.396070E-028
233.000       0.497190E+000      -0.281000E-002       0.526500E+000       0.000000E+000       0.529310E+000       0.000000E+000      -0.210600E-030       0.397502E-028
234.000       0.504850E+000       0.485000E-002       0.536500E+000       0.000000E+000       0.531650E+000       0.000000E+000      -0.211371E-030       0.390235E-028
235.000       0.501780E+000       0.178000E-002       0.536500E+000       0.000000E+000       0.534720E+000       0.000000E+000      -0.212623E-030       0.397634E-028
236.000       0.502030E+000       0.203000E-002       0.541500E+000       0.000000E+000       0.539470E+000       0.000000E+000      -0.213682E-030       0.392459E-028
237.000       0.498500E+000      -0.150000E-002       0.541500E+000       0.000000E+000       0.543000E+000       0.000000E+000      -0.214741E-030       0.395472E-028
238.000       0.495990E+000      -0.401000E-002       0.544000E+000       0.000000E+000       0.548010E+000       0.000000E+000      -0.215704E-030       0.391826E-028
239.000       0.492650E+000      -0.735000E-002       0.544000E+000       0.000000E+000       0.551350E+000       0.000000E+000      -0.216860E-030       0.393325E-028
240.000       0.494880E+000      -0.512000E-002       0.552000E+000       0.000000E+000       0.557120E+000       0.000000E+000      -0.217919E-030       0.385615E-028
241.000       0.491990E+000      -0.801000E-002       0.553500E+000       0.000000E+000       0.561510E+000       0.000000E+000      -0.218304E-030       0.387745E-028
242.000       0.489620E+000      -0.103800E-001       0.553500E+000       0.000000E+000       0.563880E+000       0.000000E+000      -0.219171E-030       0.388683E-028
243.000       0.488490E+000      -0.115100E-001       0.553500E+000       0.000000E+000       0.565010E+000       0.000000E+000      -0.220134E-030       0.389610E-028
244.000       0.487560E+000      -0.124400E-001       0.553500E+000       0.000000E+000       0.565940E+000       0.000000E+000      -0.221386E-030       0.391182E-028
245.000       0.486720E+000      -0.132800E-001       0.553500E+000       0.000000E+000       0.566780E+000       0.000000E+000      -0.222156E-030       0.391962E-028
246.000       0.485930E+000      -0.140700E-001       0.553500E+000       0.000000E+000       0.567570E+000       0.000000E+000      -0.222734E-030       0.392434E-028
247.000       0.487780E+000      -0.122200E-001       0.559000E+000       0.000000E+000       0.571220E+000       0.000000E+000      -0.223889E-030       0.388212E-028
248.000       0.484860E+000      -0.151400E-001       0.559000E+000       0.000000E+000       0.574140E+000       0.000000E+000      -0.224563E-030       0.391130E-028
249.000       0.484030E+000      -0.159700E-001       0.559000E+000       0.000000E+000       0.574970E+000       0.000000E+000      -0.225430E-030       0.392073E-028
250.000       0.487830E+000      -0.121700E-001       0.566500E+000       0.000000E+000       0.578670E+000       0.000000E+000      -0.226008E-030       0.385567E-028
251.000       0.483790E+000      -0.162100E-001       0.566500E+000       0.000000E+000       0.582710E+000       0.000000E+000      -0.226778E-030       0.389179E-028
252.000       0.482680E+000      -0.173200E-001       0.566500E+000       0.000000E+000       0.583820E+000       0.000000E+000      -0.227838E-030       0.390253E-028
253.000       0.481950E+000      -0.180500E-001       0.566500E+000       0.000000E+000       0.584550E+000       0.000000E+000      -0.228704E-030       0.391248E-028
254.000       0.484550E+000      -0.154500E-001       0.571500E+000       0.000000E+000       0.586950E+000       0.000000E+000      -0.229763E-030       0.388147E-028
255.000       0.481650E+000      -0.183500E-001       0.571500E+000       0.000000E+000       0.589850E+000       0.000000E+000      -0.230823E-030       0.391324E-028
256.000       0.480630E+000      -0.193700E-001       0.571500E+000       0.000000E+000       0.590870E+000       0.000000E+000      -0.231978E-030       0.392605E-028
257.000       0.479980E+000      -0.200200E-001       0.571500E+000       0.000000E+000       0.591520E+000       0.000000E+000      -0.233134E-030       0.394127E-028
258.000       0.491460E+000      -0.854000E-002       0.586500E+000       0.000000E+000       0.595040E+000       0.000000E+000      -0.233808E-030       0.383266E-028
259.000       0.487990E+000      -0.120100E-001       0.587500E+000       0.000000E+000       0.599510E+000       0.000000E+000      -0.234771E-030       0.390952E-028
260.000       0.484720E+000      -0.152800E-001       0.587500E+000       0.000000E+000       0.602780E+000       0.000000E+000      -0.235734E-030       0.391078E-028
261.000       0.493490E+000      -0.651000E-002       0.600000E+000       0.000000E+000       0.606510E+000       0.000000E+000      -0.236600E-030       0.382224E-028
262.000       0.489940E+000      -0.100600E-001       0.600500E+000       0.000000E+000       0.610560E+000       0.000000E+000      -0.237467E-030       0.388615E-028
263.000       0.485860E+000      -0.141400E-001       0.600500E+000       0.000000E+000       0.614640E+000       0.000000E+000      -0.238526E-030       0.388075E-028
264.000       0.483010E+000      -0.169900E-001       0.600500E+000       0.000000E+000       0.617490E+000       0.000000E+000      -0.239393E-030       0.387687E-028
265.000       0.481690E+000      -0.183100E-001       0.600500E+000       0.000000E+000       0.618810E+000       0.000000E+000      -0.240356E-030       0.388417E-028
266.000       0.480760E+000      -0.192400E-001       0.600500E+000       0.000000E+000       0.619740E+000       0.000000E+000      -0.241512E-030       0.389698E-028
267.000       0.480000E+000      -0.200000E-001       0.600500E+000       0.000000E+000       0.620500E+000       0.000000E+000      -0.242378E-030       0.390618E-028
268.000       0.479330E+000      -0.206700E-001       0.600500E+000       0.000000E+000       0.621170E+000       0.000000E+000      -0.243245E-030       0.391592E-028
269.000       0.478730E+000      -0.212700E-001       0.600500E+000       0.000000E+000       0.621770E+000       0.000000E+000      -0.244689E-030       0.393537E-028
270.000       0.478180E+000      -0.218200E-001       0.600500E+000       0.000000E+000       0.622320E+000       0.000000E+000      -0.245460E-030       0.394427E-028
271.000       0.477660E+000      -0.223400E-001       0.600500E+000       0.000000E+000       0.622840E+000       0.000000E+000      -0.246519E-030       0.395798E-028
272.000       0.479490E+000      -0.205100E-001       0.605500E+000       0.000000E+000       0.626010E+000       0.000000E+000      -0.247578E-030       0.392352E-028
273.000       0.477120E+000      -0.228800E-001       0.605500E+000       0.000000E+000       0.628380E+000       0.000000E+000      -0.248252E-030       0.395067E-028
274.000       0.476490E+000      -0.235100E-001       0.605500E+000       0.000000E+000       0.629010E+000       0.000000E+000      -0.249312E-030       0.396356E-028
275.000       0.476010E+000      -0.239900E-001       0.605500E+000       0.000000E+000       0.629490E+000       0.000000E+000      -0.250563E-030       0.398042E-028
276.000       0.475580E+000      -0.244200E-001       0.605500E+000       0.000000E+000       0.629920E+000       0.000000E+000      -0.251815E-030       0.399758E-028
277.000       0.475190E+000      -0.248100E-001       0.605500E+000       0.000000E+000       0.630310E+000       0.000000E+000      -0.252778E-030       0.401038E-028
278.000       0.474810E+000      -0.251900E-001       0.605500E+000       0.000000E+000       0.630690E+000       0.000000E+000      -0.253838E-030       0.402476E-028
279.000       0.474440E+000      -0.255600E-001       0.605500E+000       0.000000E+000       0.631060E+000       0.000000E+000      -0.254704E-030       0.403613E-028
280.000       0.474090E+000      -0.259100E-001       0.605500E+000       0.000000E+000       0.631410E+000       0.000000E+000      -0.255475E-030       0.404610E-028
281.000       0.473750E+000      -0.262500E-001       0.605500E+000       0.000000E+000       0.631750E+000       0.000000E+000      -0.256438E-030       0.405916E-028
282.000       0.473420E+000      -0.265800E-001       0.605500E+000       0.000000E+000       0.632080E+000       0.000000E+000      -0.257497E-030       0.407380E-028
283.000       0.473090E+000      -0.269100E-001       0.605500E+000       0.000000E+000       0.632410E+000       0.000000E+000      -0.258460E-030       0.408690E-028
284.000       0.472770E+000      -0.272300E-001       0.605500E+000       0.000000E+000       0.632730E+000       0.000000E+000      -0.259326E-030       0.409853E-028
285.000       0.472460E+000      -0.275400E-001       0.605500E+000       0.000000E+000       0.633040E+000       0.000000E+000      -0.260001E-030       0.410717E-028
286.000       0.472160E+000      -0.278400E-001       0.605500E+000       0.000000E+000       0.633340E+000       0.000000E+000      -0.260964E-030       0.412043E-028
287.000       0.471870E+000      -0.281300E-001       0.605500E+000       0.000000E+000       0.633630E+000       0.000000E+000      -0.262119E-030       0.413678E-028
288.000       0.471580E+000      -0.284200E-001       0.605500E+000       0.000000E+000       0.633920E+000       0.000000E+000      -0.263082E-030       0.415008E-028
289.000       0.471300E+000      -0.287000E-001       0.605500E+000       0.000000E+000       0.634200E+000       0.000000E+000      -0.264045E-030       0.416343E-028
290.000       0.471030E+000      -0.289700E-001       0.605500E+000       0.000000E+000       0.634470E+000       0.000000E+000      -0.265201E-030       0.417988E-028
291.000       0.470760E+000      -0.292400E-001       0.605500E+000       0.000000E+000       0.634740E+000       0.000000E+000      -0.265875E-030       0.418872E-028
292.000       0.470500E+000      -0.295000E-001       0.605500E+000       0.000000E+000       0.635000E+000       0.000000E+000      -0.266741E-030       0.420065E-028
293.000       0.470250E+000      -0.297500E-001       0.605500E+000       0.000000E+000       0.635250E+000       0.000000E+000      -0.267608E-030       0.421264E-028
294.000       0.470000E+000      -0.300000E-001       0.605500E+000       0.000000E+000       0.635500E+000       0.000000E+000      -0.268571E-030       0.422614E-028
295.000       0.469760E+000      -0.302400E-001       0.605500E+000       0.000000E+000       0.635740E+000       0.000000E+000      -0.269630E-030       0.424120E-028
296.000       0.469520E+000      -0.304800E-001       0.605500E+000       0.000000E+000       0.635980E+000       0.000000E+000      -0.270593E-030       0.425474E-028
297.000       0.469290E+000      -0.307100E-001       0.605500E+000       0.000000E+000       0.636210E+000       0.000000E+000      -0.271556E-030       0.426834E-028
298.000       0.469060E+000      -0.309400E-001       0.605500E+000       0.000000E+000       0.636440E+000       0.000000E+000      -0.272712E-030       0.428496E-028
299.000       0.468830E+000      -0.311700E-001       0.605500E+000       0.000000E+000       0.636670E+000       0.000000E+000      -0.273771E-030       0.430004E-028
300.000       0.468610E+000      -0.313900E-001       0.605500E+000       0.000000E+000       0.636890E+000       0.000000E+000      -0.274926E-030       0.431670E-028
301.000       0.468390E+000      -0.316100E-001       0.605500E+000       0.000000E+000       0.637110E+000       0.000000E+000      -0.275793E-030       0.432882E-028
302.000       0.468180E+000      -0.318200E-001       0.605500E+000       0.000000E+000       0.637320E+000       0.000000E+000      -0.276949E-030       0.434552E-028
303.000       0.467970E+000      -0.320300E-001       0.605500E+000       0.000000E+000       0.637530E+000       0.000000E+000      -0.277912E-030       0.435919E-028
304.000       0.467760E+000      -0.322400E-001       0.605500E+000       0.000000E+000       0.637740E+000       0.000000E+000      -0.278875E-030       0.437286E-028
305.000       0.478840E+000      -0.211600E-001       0.618000E+000       0.000000E+000       0.639160E+000       0.000000E+000      -0.279741E-030       0.429275E-028
306.000       0.476960E+000      -0.230400E-001       0.618000E+000       0.000000E+000       0.641040E+000       0.000000E+000      -0.280704E-030       0.437889E-028
307.000       0.475640E+000      -0.243600E-001       0.618000E+000       0.000000E+000       0.642360E+000       0.000000E+000      -0.281956E-030       0.438938E-028
308.000       0.474470E+000      -0.255300E-001       0.618000E+000       0.000000E+000       0.643530E+000       0.000000E+000      -0.282630E-030       0.439187E-028
309.000       0.472340E+000      -0.276600E-001       0.618000E+000       0.000000E+000       0.645660E+000       0.000000E+000      -0.283401E-030       0.438932E-028
310.000       0.470610E+000      -0.293900E-001       0.618000E+000       0.000000E+000       0.647390E+000       0.000000E+000      -0.284460E-030       0.439395E-028
311.000       0.469900E+000      -0.301000E-001       0.618000E+000       0.000000E+000       0.648100E+000       0.000000E+000      -0.285327E-030       0.440251E-028
312.000       0.469370E+000      -0.306300E-001       0.618000E+000       0.000000E+000       0.648630E+000       0.000000E+000      -0.286289E-030       0.441376E-028
313.000       0.468940E+000      -0.310600E-001       0.618000E+000       0.000000E+000       0.649060E+000       0.000000E+000      -0.287252E-030       0.442567E-028
314.000       0.474690E+000      -0.253100E-001       0.624500E+000       0.000000E+000       0.649810E+000       0.000000E+000      -0.288312E-030       0.439292E-028
315.000       0.473670E+000      -0.263300E-001       0.624500E+000       0.000000E+000       0.650830E+000       0.000000E+000      -0.288986E-030       0.444027E-028
316.000       0.472310E+000      -0.276900E-001       0.624500E+000       0.000000E+000       0.652190E+000       0.000000E+000      -0.290045E-030       0.444725E-028
317.000       0.471620E+000      -0.283800E-001       0.624500E+000       0.000000E+000       0.652880E+000       0.000000E+000      -0.291008E-030       0.445730E-028
318.000       0.471070E+000      -0.289300E-001       0.624500E+000       0.000000E+000       0.653430E+000       0.000000E+000      -0.292164E-030       0.447123E-028
319.000       0.470340E+000      -0.296600E-001       0.624500E+000       0.000000E+000       0.654160E+000       0.000000E+000      -0.293223E-030       0.448243E-028
320.000       0.469630E+000      -0.303700E-001       0.624500E+000       0.000000E+000       0.654870E+000       0.000000E+000      -0.293897E-030       0.448787E-028
321.000       0.469070E+000      -0.309300E-001       0.624500E+000       0.000000E+000       0.655430E+000       0.000000E+000      -0.294764E-030       0.449725E-028
322.000       0.468120E+000      -0.318800E-001       0.624500E+000       0.000000E+000       0.656380E+000       0.000000E+000      -0.295727E-030       0.450542E-028
323.000       0.467620E+000      -0.323800E-001       0.624500E+000       0.000000E+000       0.656880E+000       0.000000E+000      -0.296690E-030       0.451665E-028
324.000       0.467240E+000      -0.327600E-001       0.624500E+000       0.000000E+000       0.657260E+000       0.000000E+000      -0.297556E-030       0.452722E-028
325.000       0.466910E+000      -0.330900E-001       0.624500E+000       0.000000E+000       0.657590E+000       0.000000E+000      -0.298519E-030       0.453959E-028
326.000       0.466620E+000      -0.333800E-001       0.624500E+000       0.000000E+000       0.657880E+000       0.000000E+000      -0.299386E-030       0.455077E-028
327.000       0.466360E+000      -0.336400E-001       0.624500E+000       0.000000E+000       0.658140E+000       0.000000E+000      -0.300349E-030       0.456360E-028
328.000       0.466110E+000      -0.338900E-001       0.624500E+000       0.000000E+000       0.658390E+000       0.000000E+000      -0.301119E-030       0.457357E-028
329.000       0.465870E+000      -0.341300E-001       0.624500E+000       0.000000E+000       0.658630E+000       0.000000E+000      -0.302371E-030       0.459091E-028
330.000       0.465650E+000      -0.343500E-001       0.624500E+000       0.000000E+000       0.658850E+000       0.000000E+000      -0.303430E-030       0.460545E-028
331.000       0.465430E+000      -0.345700E-001       0.624500E+000       0.000000E+000       0.659070E+000       0.000000E+000      -0.304393E-030       0.461853E-028
332.000       0.465220E+000      -0.347800E-001       0.624500E+000       0.000000E+000       0.659280E+000       0.000000E+000      -0.305452E-030       0.463312E-028
333.000       0.465020E+000      -0.349800E-001       0.624500E+000       0.000000E+000       0.659480E+000       0.000000E+000      -0.306704E-030       0.465070E-028
334.000       0.464830E+000      -0.351700E-001       0.624500E+000       0.000000E+000       0.659670E+000       0.000000E+000      -0.307571E-030       0.466250E-028
335.000       0.464640E+000      -0.353600E-001       0.624500E+000       0.000000E+000       0.659860E+000       0.000000E+000      -0.308534E-030       0.467575E-028
336.000       0.464450E+000      -0.355500E-001       0.624500E+000       0.000000E+000       0.660050E+000       0.000000E+000      -0.309593E-030       0.469045E-028
337.000       0.466800E+000      -0.332000E-001       0.627500E+000       0.000000E+000       0.660700E+000       0.000000E+000      -0.310653E-030       0.468062E-028
338.000       0.466170E+000      -0.338300E-001       0.627500E+000       0.000000E+000       0.661330E+000       0.000000E+000      -0.311808E-030       0.471486E-028
339.000       0.465890E+000      -0.341100E-001       0.627500E+000       0.000000E+000       0.661610E+000       0.000000E+000      -0.312867E-030       0.472888E-028
340.000       0.465630E+000      -0.343700E-001       0.627500E+000       0.000000E+000       0.661870E+000       0.000000E+000      -0.314215E-030       0.474739E-028
341.000       0.465320E+000      -0.346800E-001       0.627500E+000       0.000000E+000       0.662180E+000       0.000000E+000      -0.314986E-030       0.475680E-028
342.000       0.464910E+000      -0.350900E-001       0.627500E+000       0.000000E+000       0.662590E+000       0.000000E+000      -0.316141E-030       0.477130E-028
343.000       0.464430E+000      -0.355700E-001       0.627500E+000       0.000000E+000       0.663070E+000       0.000000E+000      -0.316815E-030       0.477801E-028
344.000       0.463980E+000      -0.360200E-001       0.627500E+000       0.000000E+000       0.663520E+000       0.000000E+000      -0.317971E-030       0.479218E-028
345.000       0.463660E+000      -0.363400E-001       0.627500E+000       0.000000E+000       0.663840E+000       0.000000E+000      -0.319030E-030       0.480583E-028
346.000       0.463350E+000      -0.366500E-001       0.627500E+000       0.000000E+000       0.664150E+000       0.000000E+000      -0.320378E-030       0.482389E-028
347.000       0.463130E+000      -0.368700E-001       0.627500E+000       0.000000E+000       0.664370E+000       0.000000E+000      -0.321245E-030       0.483533E-028
348.000       0.462920E+000      -0.370800E-001       0.627500E+000       0.000000E+000       0.664580E+000       0.000000E+000      -0.322015E-030       0.484540E-028
349.000       0.462730E+000      -0.372700E-001       0.627500E+000       0.000000E+000       0.664770E+000       0.000000E+000      -0.322978E-030       0.485850E-028
350.000       0.462550E+000      -0.374500E-001       0.627500E+000       0.000000E+000       0.664950E+000       0.000000E+000      -0.324230E-030       0.487601E-028
351.000       0.462380E+000      -0.376200E-001       0.627500E+000       0.000000E+000       0.665120E+000       0.000000E+000      -0.325482E-030       0.489359E-028
352.000       0.462220E+000      -0.377800E-001       0.627500E+000       0.000000E+000       0.665280E+000       0.000000E+000      -0.326445E-030       0.490688E-028
353.000       0.462060E+000      -0.379400E-001       0.627500E+000       0.000000E+000       0.665440E+000       0.000000E+000      -0.327408E-030       0.492017E-028
354.000       0.461900E+000      -0.381000E-001       0.627500E+000       0.000000E+000       0.665600E+000       0.000000E+000      -0.328275E-030       0.493201E-028
355.000       0.461760E+000      -0.382400E-001       0.627500E+000       0.000000E+000       0.665740E+000       0.000000E+000      -0.329141E-030       0.494399E-028
356.000       0.473690E+000      -0.263100E-001       0.640500E+000       0.000000E+000       0.666810E+000       0.000000E+000      -0.330104E-030       0.485583E-028
357.000       0.476230E+000      -0.237700E-001       0.644000E+000       0.000000E+000       0.667770E+000       0.000000E+000      -0.330875E-030       0.492909E-028
358.000       0.478070E+000      -0.219300E-001       0.646500E+000       0.000000E+000       0.668430E+000       0.000000E+000      -0.331741E-030       0.494450E-028
359.000       0.477620E+000      -0.223800E-001       0.646500E+000       0.000000E+000       0.668880E+000       0.000000E+000      -0.332897E-030       0.497693E-028
360.000       0.477210E+000      -0.227900E-001       0.646500E+000       0.000000E+000       0.669290E+000       0.000000E+000      -0.333860E-030       0.498827E-028
361.000       0.476690E+000      -0.233100E-001       0.646500E+000       0.000000E+000       0.669810E+000       0.000000E+000      -0.334727E-030       0.499734E-028
362.000       0.476330E+000      -0.236700E-001       0.646500E+000       0.000000E+000       0.670170E+000       0.000000E+000      -0.335690E-030       0.500902E-028
363.000       0.475970E+000      -0.240300E-001       0.646500E+000       0.000000E+000       0.670530E+000       0.000000E+000      -0.336460E-030       0.501782E-028
364.000       0.475410E+000      -0.245900E-001       0.646500E+000       0.000000E+000       0.671090E+000       0.000000E+000      -0.337712E-030       0.503229E-028
365.000       0.477990E+000      -0.220100E-001       0.650000E+000       0.000000E+000       0.672010E+000       0.000000E+000      -0.338482E-030       0.501077E-028
