  0.100000000000000                1
   1.10000000000000                2
   2.10000000000000                3
   3.10000000000000                4
   4.10000000000000                5
   5.10000000000000                6
   6.09999999999999                7
   7.09999999999999                8
   8.09999999999999                9
   9.09999999999998               10
   10.1000000000000               11
   11.1000000000000               12
   12.1000000000000               13
   13.1000000000000               14
   14.1000000000000               15
   15.1000000000000               16
   16.1000000000000               17
   17.1000000000000               18
   18.1000000000000               19
   19.1000000000000               20
   20.1000000000000               21
   21.1000000000000               22
   22.1000000000000               23
   23.1000000000001               24
   24.1000000000001               25
   25.1000000000001               26
   26.1000000000001               27
   27.1000000000001               28
   28.1000000000001               29
   29.1000000000001               30
   30.1000000000002               31
   31.1000000000002               32
   32.1000000000002               33
   33.1000000000002               34
   34.1000000000002               35
   35.1000000000002               36
   36.1000000000002               37
   37.1000000000003               38
   38.1000000000003               39
   39.1000000000003               40
   40.1000000000003               41
   41.1000000000003               42
   42.1000000000003               43
   43.1000000000003               44
   44.1000000000004               45
   45.1000000000004               46
   46.1000000000004               47
   47.1000000000004               48
   48.1000000000004               49
   49.1000000000004               50
   50.1000000000004               51
   51.1000000000005               52
   52.1000000000005               53
   53.1000000000005               54
   54.1000000000005               55
   55.1000000000005               56
   56.1000000000005               57
   57.1000000000005               58
   58.1000000000006               59
   59.1000000000006               60
   60.1000000000006               61
   61.1000000000006               62
   62.1000000000006               63
   63.1000000000006               64
   64.1000000000006               65
   65.1000000000006               66
   66.1000000000005               67
   67.1000000000005               68
   68.1000000000004               69
   69.1000000000003               70
   70.1000000000003               71
   71.1000000000002               72
   72.1000000000002               73
   73.1000000000001               74
   74.1000000000001               75
   75.1000000000000               76
   76.1000000000000               77
   77.0999999999999               78
   78.0999999999998               79
   79.0999999999998               80
   80.0999999999997               81
   81.0999999999997               82
   82.0999999999996               83
   83.0999999999996               84
   84.0999999999995               85
   85.0999999999994               86
   86.0999999999994               87
   87.0999999999993               88
   88.0999999999993               89
   89.0999999999992               90
   90.0999999999992               91
   91.0999999999991               92
   92.0999999999990               93
   93.0999999999990               94
   94.0999999999989               95
   95.0999999999989               96
   96.0999999999988               97
   97.0999999999988               98
   98.0999999999987               99
   99.0999999999986              100
   100.099999999999              101
   101.099999999999              102
   102.099999999998              103
   103.099999999998              104
   104.099999999998              105
   105.099999999998              106
   106.099999999998              107
   107.099999999998              108
   108.099999999998              109
   109.099999999998              110
   110.099999999998              111
   111.099999999998              112
   112.099999999998              113
   113.099999999998              114
   114.099999999998              115
   115.099999999998              116
   116.099999999998              117
   117.099999999998              118
   118.099999999998              119
   119.099999999998              120
   120.099999999997              121
   121.099999999997              122
   122.099999999997              123
   123.099999999997              124
   124.099999999997              125
   125.099999999997              126
   126.099999999997              127
   127.099999999997              128
   128.099999999997              129
   129.099999999997              130
   130.099999999997              131
   131.099999999997              132
   132.099999999997              133
   133.099999999997              134
   134.099999999997              135
   135.099999999997              136
   136.099999999997              137
   137.099999999996              138
   138.099999999996              139
   139.099999999996              140
   140.099999999996              141
   141.099999999996              142
   142.099999999996              143
   143.099999999996              144
   144.099999999996              145
   145.099999999996              146
   146.099999999996              147
   147.099999999996              148
   148.099999999996              149
   149.099999999996              150
   150.099999999996              151
   151.099999999996              152
   152.099999999996              153
   153.099999999996              154
   154.099999999996              155
   155.099999999995              156
   156.099999999995              157
   157.099999999995              158
   158.099999999995              159
   159.099999999995              160
   160.099999999995              161
   161.099999999995              162
   162.099999999995              163
   163.099999999995              164
   164.099999999995              165
   165.099999999995              166
   166.099999999995              167
   167.099999999995              168
   168.099999999995              169
   169.099999999995              170
   170.099999999995              171
   171.099999999995              172
   172.099999999995              173
   173.099999999994              174
   174.099999999994              175
   175.099999999994              176
   176.099999999994              177
   177.099999999994              178
   178.099999999994              179
   179.099999999994              180
   180.099999999994              181
   181.099999999994              182
   182.099999999994              183
   183.099999999994              184
   184.099999999994              185
   185.099999999994              186
   186.099999999994              187
   187.099999999994              188
   188.099999999994              189
   189.099999999994              190
   190.099999999993              191
   191.099999999993              192
   192.099999999993              193
   193.099999999993              194
   194.099999999993              195
   195.099999999993              196
   196.099999999993              197
   197.099999999993              198
   198.099999999993              199
   199.099999999993              200
   200.099999999993              201
   201.099999999993              202
   202.099999999993              203
   203.099999999993              204
   204.099999999993              205
   205.099999999993              206
   206.099999999993              207
   207.099999999993              208
   208.099999999992              209
   209.099999999992              210
   210.099999999992              211
   211.099999999992              212
   212.099999999992              213
   213.099999999992              214
   214.099999999992              215
   215.099999999992              216
   216.099999999992              217
   217.099999999992              218
   218.099999999992              219
   219.099999999992              220
   220.099999999992              221
   221.099999999992              222
   222.099999999992              223
   223.099999999992              224
   224.099999999992              225
   225.099999999991              226
   226.099999999991              227
   227.099999999991              228
   228.099999999991              229
   229.099999999991              230
   230.099999999991              231
   231.099999999991              232
   232.099999999991              233
   233.099999999991              234
   234.099999999991              235
   235.099999999991              236
   236.099999999991              237
   237.099999999991              238
   238.099999999991              239
   239.099999999991              240
   240.099999999991              241
   241.099999999991              242
   242.099999999991              243
   243.099999999990              244
   244.099999999990              245
   245.099999999990              246
   246.099999999990              247
   247.099999999990              248
   248.099999999990              249
   249.099999999990              250
   250.099999999990              251
   251.099999999990              252
   252.099999999990              253
   253.099999999990              254
   254.099999999990              255
   255.099999999990              256
   256.099999999990              257
   257.099999999990              258
   258.099999999990              259
   259.099999999990              260
   260.099999999991              261
   261.099999999991              262
   262.099999999991              263
   263.099999999991              264
   264.099999999992              265
   265.099999999992              266
   266.099999999992              267
   267.099999999992              268
   268.099999999992              269
   269.099999999993              270
   270.099999999993              271
   271.099999999993              272
   272.099999999993              273
   273.099999999994              274
   274.099999999994              275
   275.099999999994              276
   276.099999999994              277
   277.099999999995              278
   278.099999999995              279
   279.099999999995              280
   280.099999999995              281
   281.099999999995              282
   282.099999999996              283
   283.099999999996              284
   284.099999999996              285
   285.099999999996              286
   286.099999999997              287
   287.099999999997              288
   288.099999999997              289
   289.099999999997              290
   290.099999999997              291
   291.099999999998              292
   292.099999999998              293
   293.099999999998              294
   294.099999999998              295
   295.099999999999              296
   296.099999999999              297
   297.099999999999              298
   298.099999999999              299
   299.100000000000              300
   300.100000000000              301
   301.100000000000              302
   302.100000000000              303
   303.100000000000              304
   304.100000000001              305
   305.100000000001              306
   306.100000000001              307
   307.100000000001              308
   308.100000000002              309
   309.100000000002              310
   310.100000000002              311
   311.100000000002              312
   312.100000000002              313
   313.100000000003              314
   314.100000000003              315
   315.100000000003              316
   316.100000000003              317
   317.100000000004              318
   318.100000000004              319
   319.100000000004              320
   320.100000000004              321
   321.100000000005              322
   322.100000000005              323
   323.100000000005              324
   324.100000000005              325
   325.100000000005              326
   326.100000000006              327
   327.100000000006              328
   328.100000000006              329
   329.100000000006              330
   330.100000000007              331
   331.100000000007              332
   332.100000000007              333
   333.100000000007              334
   334.100000000007              335
   335.100000000008              336
   336.100000000008              337
   337.100000000008              338
   338.100000000008              339
   339.100000000009              340
   340.100000000009              341
   341.100000000009              342
   342.100000000009              343
   343.100000000010              344
   344.100000000010              345
   345.100000000010              346
   346.100000000010              347
   347.100000000010              348
   348.100000000011              349
   349.100000000011              350
   350.100000000011              351
   351.100000000011              352
   352.100000000012              353
   353.100000000012              354
   354.100000000012              355
   355.100000000012              356
   356.100000000012              357
   357.100000000013              358
   358.100000000013              359
   359.100000000013              360
   360.100000000013              361
   361.100000000014              362
   362.100000000014              363
   363.100000000014              364
   364.100000000014              365
